TIC
25063215
25063281
25063296
25063656
25063768
25063782
25063966
25064495
25064750
25064818
25064822
25065080
25065255
25077745
25078266
25078304
25078370
25078422
25078587
25078859
25078884
25079182
25079581
25079683
25080244
25080305
25080338
25080657
25080714
25080941
25080954
25081064
25081303
25081476
25081591
25081729
25081816
25081827
25115881
25115971
25116013
25116120
25116206
25116413
25116427
25116514
25116549
25116563
25116910
25117295
25117318
25117741
25117875
25117902
25118026
25118196
25118332
25118351
25118790
25119118
25119155
25119275
25119769
25119779
25131696
25131976
25132241
25132267
25132694
25132720
25132781
25133035
25133395
25133472
25134058
25134321
25134376
25134442
25134484
25152773
25153272
25153300
25153540
25153797
25154071
25154092
25154179
25154244
25154301
25154390
25154404
25154427
25154738
25154831
25154961
25154970
25154997
25155206
25155440
25155495
25155572
25155612
25155713
25155718
25155743
25155858
25194993
25195333
25195362
25195654
25195850
25195940
25195948
25196281
25196284
25196468
25196558
29758863
29758923
29758935
29759170
29759288
29759342
29759631
29759834
29760053
29760108
29760178
29760195
29760609
29761024
29761058
29761705
29761724
29761918
29762098
29778147
29778164
29778569
29778954
29779064
29779127
29779308
29779322
29779366
29779400
29779571
29779864
29780056
29780057
29780320
29780360
29780829
29780940
29781013
29781207
29781365
29781430
29781652
29781801
29781823
29828780
29828903
29828917
29828962
29829164
29829247
29829549
29829800
29830232
29830423
29830450
29830485
29830911
29832833
29832869
29833684
29833714
29833975
29834012
29834177
29834221
29834230
29834367
29834749
29834770
29835201
29835618
29835676
29924743
29924808
29925113
29985197
29986329
29988850
29989204
29989473
29989882
29989959
29991003
29992291
30033909
30033946
30035698
30036977
30037599
30108977
30111271
30111471
30185251
30194399
30264850
30265037
30271757
30311749
30312066
30312104
30323528
30399823
30400785
30400828
30401050
30408386
30466249
30466384
30470531
30470699
30471957
30530250
30531257
30531851
30534614
30639345
30639928
30643624
30716342
30716526
30717164
30718375
30718787
30760276
30762609
30848598
30849273
30853470
30853569
30941455
31008423
31012226
31020013
31022687
31104276
31105009
31108003
31108599
31109583
31110903
31190175
31265901
31269822
31270220
31270527
31271846
31272620
31273263
31307057
31312059
31313085
31313425
31314814
31379617
31380482
31381636
31381658
31382009
31382679
31384584
31384768
31385861
31386156
31386973
31412029
31412217
31413076
31413652
31415544
31507421
31508554
31510160
31510543
31528780
31528958
31529146
31529171
31529603
31529973
31530164
31530505
31530579
31531291
31532214
31532625
31533454
31534410
31534983
31535042
31600296
31601457
31602818
31603163
31960929
31961011
31963345
31963429
31997651
31999315
31999341
31999683
31999708
31999858
31999969
31999993
32000010
32000191
32000208
32000850
32033948
32033988
32034088
32034219
32034350
32034377
32034607
32034867
32035614
32035932
32036271
32036406
32036415
32036657
32036741
32049416
32050393
32050449
32050852
32051017
32051302
32051637
32051800
32052027
32052182
32052330
32052608
32052752
32068848
32069019
32069304
32069592
32069906
32070114
32070657
32071623
32072079
32089092
32089427
32089614
32089714
32089953
32090064
32090280
32090581
32090583
32090667
32091508
32091966
32092413
32092666
32092876
32093034
32149752
32150043
32150469
32150582
32150617
32151145
32151278
32151339
32151469
32152090
32152429
32152492
32152907
32152976
32153202
32153214
32153603
32153782
32154178
32154182
32154225
32154229
32154329
32154622
32154720
32154760
32154846
32155122
33666110
33666204
33714221
33714376
33714406
33714523
33714662
33714920
33714944
33715173
33715210
33716034
33716508
33717509
33717547
33717958
33718168
33732099
33732104
33732166
33732371
33732557
33732816
33732872
33733030
33733052
33733123
33733209
33733266
33733283
33733359
33734143
33735087
33735286
33735394
33735952
33736136
33736324
33736628
33736773
33766129
33766151
33766191
33766245
33766347
33766378
33766411
33766490
33766536
33766885
33766910
33767086
33767134
33767673
33768991
33769015
33769084
33769449
33769517
33769521
33769725
33769990
33770139
33770272
33770384
33770473
33770523
33831369
33831432
33831504
33831637
33831756
33831980
33832107
33832192
33833289
33833903
33834042
33834068
33834558
33834564
33834805
33835340
33835442
33835660
33836040
33836061
33836084
33836426
33837586
33837848
33838529
33839341
33839723
33839863
33839882
33839974
33840005
33840209
33840951
33840992
33841003
33863615
33863883
33863927
33864370
33864480
33865426
33865746
33866571
33877280
33877698
33877960
33878196
33878265
33878323
33878339
33878459
33878472
33878971
33879040
33880138
33880347
33880371
33880860
33880948
33881071
33910291
38423140
38423439
38423801
38424054
38426003
38426035
38426117
38426266
38426653
38460849
38461195
38461205
38461578
38461869
38462286
38462343
38462360
38462397
38462407
38462443
38462492
38466412
38466472
38466625
38468276
38468788
38468928
38469039
38469578
38469612
38469689
38469699
38469764
38469800
38470334
38507951
38508185
38508526
38508639
38508884
38509108
38509205
38509303
38509358
38509386
38509445
38509587
38509826
38509876
38510138
38510224
38510669
38510780
38510819
38511035
38511061
38511068
38515190
38515255
38515315
38515799
38515875
38516290
38516465
38516662
38516759
38517213
38517456
38517724
38517744
38518370
38518619
38519352
38570567
38570677
38570936
38571398
38571463
38572403
38572427
38572532
38572739
38572863
38572974
38573147
38573650
38573684
38573872
38574556
38574686
38574788
38574906
38583348
38583396
38583597
38583623
38584523
38584643
38584652
38584681
38584799
38585352
38585511
38585998
38586374
38586955
38587077
38587506
38587575
38587665
38587742
38600500
38601162
38602091
38602516
38603130
38603487
38604353
38604491
38605280
38606724
38606794
38607098
38607242
38607956
38608026
38608689
38608850
38608953
38610203
38632062
38632437
38632461
38632498
38632533
38632842
38633225
38633922
38633956
38634033
38634087
38634236
38634270
38634401
38634467
38634492
38634591
38634659
38634701
38634797
38635315
38635543
38635641
38635670
38635779
38635952
38636193
38678852
38678931
38679052
38679058
38679487
38679565
38679729
38679854
38680230
38680379
38680465
38680494
38680713
38680906
38680954
38680989
38681122
38681188
38681201
38681472
38681508
38681625
38682098
38682132
38682386
38682567
38682737
38682781
38682820
38682869
38683183
38683337
38695722
38695861
38696119
38696123
38696312
38696338
38696476
38696670
38696675
38696892
38697111
38697455
38697993
38698172
38698224
38698297
38698644
38698671
38698751
38698900
38699031
38699316
38699470
38699619
38707423
38707476
38707482
38707513
38707774
38707959
38708024
38708068
38708470
38708739
38709082
38709334
38709763
38709817
38709988
38710977
38711031
38711117
38711124
38711322
38711323
38711637
38711830
38711951
38759463
38759601
38759628
38759720
38759899
38760025
38760072
38760164
38761381
38761590
38761730
38761739
38761762
38761808
38762039
38762072
38762091
38762735
38762762
38763059
38763204
38763723
38763739
38763790
38810694
38810830
38810834
38810952
38810988
38811117
38811269
38811404
38811592
38811607
38811767
38811801
38812043
38812109
38812229
38812535
38812925
38812976
38813042
38813219
38813375
38813645
38813726
38813866
38814149
38814245
38814749
38815302
38815379
38815399
38815434
38824251
38824311
38824604
38824610
38825265
38825811
38826015
38826425
38826625
38826640
38826727
38827212
38827320
38827365
38827552
38827985
38828265
38828304
38828429
38828707
38828760
38828864
38828943
38828950
38841931
38842219
38842230
38842453
38842514
38842728
38843101
38843180
38843245
38843298
38843695
38844080
38844268
38844288
38844333
38844346
38844473
38844678
38844886
38845296
38846182
38846411
38875855
38876015
38876640
38876910
38877247
38877461
38877545
38877648
38905618
38905901
38905902
38905936
38906265
38906493
38906797
38907201
38907328
38907642
38907930
38908747
38908752
38908872
38908898
38909048
38909083
38909096
38909110
38909402
38909487
38909534
38909601
38909624
38909986
38939477
38939497
38939585
38939668
38939705
38939879
38940208
38940288
38940430
38940502
38941258
38941882
38942597
38942728
38942862
38942878
38943249
38943410
38943586
38943958
38944002
38944150
38954037
38954128
38954198
38954307
38954427
38954753
38954761
40183481
40185148
40189321
40277178
40278928
40338233
40338785
40339183
40345412
40407801
40409739
40410057
40512115
40516132
40600882
40600964
40601527
40602710
40605565
40606724
40607751
40664515
40668341
40714535
40717590
40719772
40724424
40801966
40802388
40805193
40805622
40806371
40806683
40891946
40893379
40904953
40969640
40972024
40979154
41028639
41028948
41030381
41030824
41030941
41031287
41031305
41031598
41033621
41033875
41087860
41088379
41088706
41089555
41108627
41108864
41110118
41110382
41110982
41111149
41111827
41112660
41113159
41113406
41113443
41173101
41173308
41173309
41173418
41173537
41173667
41173832
41174398
41174695
41225940
41225942
41226203
41226220
41226271
41226297
41226621
41226643
41227380
41228445
41228557
41229199
41229610
41232297
41233965
41254573
41254830
41254954
41255134
41255380
41255450
41255491
41256381
41259321
41337949
41338303
41358832
41358868
41360479
41360602
41361302
41361450
41361938
41362544
41362965
41364651
41365839
41366439
41366510
41366558
41458005
41458093
41459027
41459790
41459998
41460289
41460332
41461035
41461086
41462272
41462827
41462913
41463005
41463262
41463797
41464085
41464376
41464603
41464639
41466014
41481872
41482818
41482957
41483054
41483279
41484019
41484039
41485890
41487698
41526994
41527112
41529666
41530935
41531112
41531517
41532210
41532474
41533524
41587410
41587530
41589315
41590169
41590453
41591638
41592175
41593253
41593971
41596034
41596310
41596581
41597302
55241817
55269409
55269480
55269729
55269941
55269981
55270082
55270123
55270607
55270639
55270678
55270734
55270817
55270844
55270896
55270938
55270974
55271188
55271347
55271544
55271734
55271858
55271865
55272118
55272119
55272151
55272182
55272407
55272497
55272525
55272549
55274592
55291401
55292486
55292737
55293940
55294479
55294894
55294944
55295095
55295636
55295753
55295974
55296056
55296261
55296346
55296396
55296811
55296908
55297001
55297421
55297719
55297737
55297808
55298069
55298526
55298744
55299180
55299759
55300235
55300962
55363662
55364131
55365491
55365582
55365659
55365878
55366165
55366204
55366349
55366350
55366718
55367008
55367245
55367265
55367332
55367410
55367436
55367501
55367594
55367618
55367731
55367751
55367758
55367907
55368281
55368399
55368633
55368682
55368929
55369125
55369263
55369298
55369376
55369456
55369731
55383468
55384061
55385666
55386188
55387558
55387775
55388048
55388074
55388378
55388633
55388830
55388853
55388980
55389300
55389771
55389913
55389998
55390028
55398886
55398964
55398979
55399276
55399463
55399549
55399600
55399657
55400249
55400358
55400361
55401218
55401446
55401458
55401757
55401985
55402051
55402317
55402324
55402975
55403413
55403498
55403632
55403723
55403875
55403890
55404140
55450009
55450058
55450767
55450809
55450860
55451543
55451774
55451938
55451989
55451993
55452078
55452375
55452381
55452503
55452620
55452969
55453166
55453391
55453452
55453775
55453871
55454505
55455221
55455244
55476561
55476566
55476607
55476766
55476833
55476866
55477701
55477757
55478103
55478578
55478742
55478825
55478873
55479034
55479518
55479664
55479848
55479865
55480646
55480667
55481026
55481344
55481350
55481405
55481435
55481480
55481562
55481567
55497137
55497535
55497576
55497991
55498135
55498279
55498378
55498515
55498751
55499665
55499776
55499778
55499864
55499867
55500392
55500634
55500678
55500851
55500860
55501102
55501466
55501565
55501642
55501890
55522822
55522855
55522897
55523232
55523260
55523390
55523689
55523800
55523840
55524525
55525046
55525129
55525341
55525393
55525442
55525506
55525510
55525523
55525667
55525781
55525874
55526134
55526226
55526399
55527049
55527303
55527328
55527366
55555112
55555400
55555748
55555801
55555940
55556512
55556631
55556767
55556847
55557111
55557114
55557215
55557417
55557707
55557731
55558443
55558465
55559079
55559102
55559184
55559233
55559380
55559680
55559915
55560237
55601337
55602112
55602559
55602730
55603104
55603220
55603393
55603433
55603536
55603611
55603624
55603644
55603917
55604162
55604312
55604347
55604374
55604441
55604744
55605103
55605120
55605179
55605417
55605907
55606173
55649298
55649625
55650036
55650121
55650198
55650284
55650481
55650590
55650810
55650829
55651270
55651322
55651483
55651499
55651532
55651730
55651738
55652063
55652166
55652173
55652204
55652221
55652295
55652734
55659986
55660121
55660587
55661513
55661729
55662375
55662389
55662683
55662781
55662903
55662942
55662965
55662986
55663051
55663102
55663233
55663338
55663451
55663720
55663810
55663892
55664082
55664170
55664240
55664347
55664393
55664613
55664730
55664911
55741052
55741053
55741165
55741546
55741707
55742227
55742599
55743705
55743833
55744316
55744466
55744694
55744788
55745059
55745217
55745418
55745522
55745562
55745816
55745903
55745940
55745962
55746063
55746175
55746198
55746206
55746431
55746468
55746575
55746746
55746775
55746962
55747095
55747154
55754982
55755059
55755179
55755743
55755814
55756342
55756665
55757045
55758083
55758201
55758538
55758708
55758788
55760057
55760111
55760151
55760709
55760917
55760928
55760979
55761076
55780384
55780563
55780735
55780793
55781334
55781578
55781802
55781847
55781914
55782022
55782387
55783300
55783811
55785626
55786406
55847881
55847951
55848234
55848242
55848585
55848633
55849196
55849733
55850095
55850119
55850255
55850356
55850475
55850823
55850895
55850969
55851108
55851160
55851453
55851750
55852137
55852285
55853203
55853327
55853438
139369107
139369170
139369406
139369433
139369479
139369689
139370160
139370221
139370223
139371229
139371375
139371572
139371811
140512200
140527108
140527318
140527395
140527644
140527701
140527859
140528957
140529117
140529221
140529419
140529499
140575951
140576113
140576212
140576309
140576385
140576581
140577290
140577363
140577578
140577616
140577823
140578024
140578046
140578493
140578499
140578791
140579207
140579489
140579537
140579828
140580402
140580652
140580691
140580985
140581031
140581045
140595393
140595953
140596015
140596122
140596438
140596507
140596583
140596802
140596809
140596957
140597518
140597705
140597831
140598014
140598782
140598881
140599097
140599144
140599284
140599285
140599290
140599471
140599584
140599809
140607725
140607833
140607953
140608208
140608502
140608539
140608591
140608684
140609384
140630124
140631050
140631609
140631836
140632037
140632392
140633568
140633622
140633700
140634971
140635085
140635646
140635764
140635858
140636123
140636178
140636189
140636208
140636323
140636386
140636583
140657543
140657554
140658202
140659030
140659409
140660367
140660781
140661834
140663517
140663811
140663885
140664138
140664633
140686465
140686504
140686630
140686690
140686718
140686839
140687149
140687214
140687446
140688055
140688338
140688567
140689024
140689251
140691209
140691402
140691403
140691413
140691630
140691903
140692697
140755370
140755576
140758186
140759044
140759141
140759359
140759825
140760006
140760081
140760614
140760916
140760953
140761076
140761328
140761500
140761579
140761663
140761872
140761902
140797028
140797178
140797382
140797983
140798176
140798808
140799035
140799928
140800532
140800590
140801627
140801828
140801905
140802417
140803262
140803277
140803393
140803741
140803836
140803960
140804011
140804402
140826289
140826438
140827189
140827297
140827370
140827378
140827682
140827823
140827840
140828910
140830392
140831965
140832193
140833302
140855380
140855685
140855702
140856385
140857661
140857794
140858036
140858200
140858220
140859157
140860046
140860436
140860691
140889666
140890265
140891163
140891353
140891773
140892243
140892373
140893567
140893790
140894185
140894355
140896706
140898647
140898871
140899383
140899401
140900327
140938325
140938572
140938804
140939056
140939570
140939950
140940738
140942756
140942918
140943414
140943897
140944766
140945372
140946050
140946277
140967419
140967469
140967588
140968480
140968488
140968567
140968622
140969285
140969869
140970379
140970484
140970953
140971505
140971592
140971666
140971684
140971842
140972165
140972694
140973242
140995987
140996830
140997071
140997121
140997501
140997579
140997652
140997902
140998116
140998241
140998856
140998908
140999054
141000647
141001136
141001537
141023996
141024724
141025090
141026709
141027285
141027560
141027782
141027822
141028164
141028611
141028772
141028966
141029225
141029712
141029866
141029952
141030010
141030526
141088615
141088936
141089304
141089763
141090155
141090270
141091643
141092768
141093145
141093430
141093956
141094501
141094580
141094861
141094960
141095017
141095093
141095174
141095913
141095924
141096071
141096270
141097027
141097054
141121044
141121054
141121326
141121339
141121561
141122182
141122381
141122724
141123401
141123754
141124262
141124351
141124654
141127253
141127862
141151713
141152400
141153349
141153512
141155243
141155352
141156065
141156099
141156264
141156277
141156504
141157268
141157283
141157878
141180714
141180807
141182933
141182960
141183761
141183894
141183963
141185142
141186909
141187382
141187570
141187600
141187675
141210949
141211196
141212390
141213708
141214102
141215141
141216701
141267900
141267926
141268395
141268421
141269217
141269916
141270248
141272004
141273350
141279050
141280482
141280920
141281453
141282117
141282136
141282483
141282724
141283010
141284411
141333537
141333596
141333677
141333913
141334293
141334574
141334918
141335009
141335319
141335647
141335886
141336229
141406398
141407252
141409675
141410515
141411452
141411768
141411779
141412035
141412367
141413307
141413795
141413923
141413927
141413932
141414218
141422340
141422624
141423416
141423536
141423854
141424546
141425040
141425349
141425549
141425668
141428052
141428991
141429127
141429856
141430507
141435696
141435855
141436075
141436129
141436285
141471061
141471492
141471704
141471954
141472246
141472340
141472408
141473566
141473792
141473804
141479552
141479697
141480683
141480981
141481753
141481854
141482069
141482802
141484583
141485719
141486066
141486423
141526376
141526439
141527109
141527295
141527453
141527571
141527579
141528124
141528176
141528576
141528907
141529442
141529927
141530448
141530700
141530809
141531637
141532389
141541907
141542023
141542585
141543530
141543728
141543857
141544179
141544815
141546128
141546657
141547212
141548346
141606108
141606958
141606986
141607898
141607972
141608198
141609101
141609141
141609247
141609773
141610623
141610717
141610923
141611138
141611489
141612221
141612318
141612474
141621631
141622425
141622756
141623000
141623174
141623866
141624433
141624659
141624979
141626457
141627034
141627330
141627488
141627546
141627572
141628104
141628321
141680451
141681610
141682565
141682875
141683360
141683638
141684267
141685180
141685181
141708337
141708430
141709228
141709240
141710645
141711118
141711285
141712654
141712689
141713989
141751815
141752047
141752883
141753569
141753715
141754291
141754745
141756175
141756237
141756275
141756421
141756543
141756648
141756821
141756964
141757449
141766741
141767764
141768140
141768357
141768500
141769281
141769356
141769929
141770121
141770305
141770374
141771257
141771952
141805074
141805127
141805493
141805944
141806154
141806811
141806973
141807076
141808418
141808693
141808808
141808836
141809674
141809683
141809870
141809962
141810507
141810585
141810648
141810938
141811125
141811410
141822533
141824771
141825046
141827530
141827888
141828431
141828614
141828843
141829152
141829551
141829618
141865028
141865124
141865335
141865617
141865825
141866660
141866705
141867120
141867393
141867607
141868693
141868696
141869967
141870946
141871735
141909084
141909174
141909181
141909230
141909444
141909537
141910089
141910105
141910137
141910298
141910398
141910814
141911069
141911880
141912380
141912903
141913487
141913551
141914787
141914949
141915049
141915156
141940488
141941220
141942345
141942358
141942488
141942509
141942625
141943031
141943063
141944067
141944272
141945984
141975044
141975299
141975368
141975397
141975499
141975620
141976225
141976547
141976598
141977086
141977181
141977719
141977932
141977935
141978072
141978122
141978776
141978885
141979090
141979126
141979865
142015167
142015344
142015574
142015623
142015817
142016269
142016447
142017675
142017690
142018464
142018744
142018930
142019210
142019221
142019388
142019570
142048447
142048892
142049131
142049525
142050221
142050276
142050378
142050380
142051104
142051154
142051268
142052719
142053158
142053289
142053336
142053500
142053735
142053980
142054065
142054527
142054853
142081602
142081973
142082139
142082353
142082719
142082832
142083697
142083854
142084440
142084762
142084811
142085006
142085043
142085641
142086081
142086183
142086812
142086875
142087258
142087340
142087714
142104647
142104805
142105158
142105307
142105613
142105882
142106051
142106604
142106969
142107717
142107759
142107892
142108623
142108690
142108949
142109307
142109405
142110235
142142488
142142854
142143073
142143075
142143740
142143789
142143886
142144092
142144969
142145490
142146217
142146974
142147974
142148040
142148344
142148495
142149485
149036760
149036997
149037361
149037374
149037566
149037605
149037641
149037775
149037921
149039012
149039478
149040129
149060687
149060709
149060820
149061156
149100764
149100850
149100889
149103392
149103941
149104964
149105017
149105035
149105516
149105764
149105781
149106001
149106111
149106260
149106607
149106873
149106888
149106915
149107053
149107070
149107231
149107444
149120341
149120381
149120706
149121535
149122280
149122452
149123140
149123676
149125259
149125414
149125418
149125741
149125787
149125867
149126060
149126163
149126419
149126622
149126806
149154577
149154821
149155130
149155260
149155420
149155688
149155962
149156139
149156319
149156748
149156815
149158321
149160984
149174407
149174494
149174550
149174576
149174929
149175396
149175449
149175633
149176291
149176305
149177242
149177289
149177351
149177668
149178675
149179226
149179489
149179552
149179639
149179763
149180076
149180077
149214866
149215154
149215447
149215832
149215920
149216154
149216295
149216845
149216864
149217593
149217937
149218284
149218485
149218598
149218675
149218769
149219356
149219464
149219536
149219776
149219809
149219882
149220096
149220565
149220591
149220711
149249434
149250820
149251611
149251754
149252155
149253170
149253186
149253253
149253412
149253433
149253526
149253540
149253891
149254137
149268413
149268571
149268978
149269178
149269236
149269427
149269965
149272775
149273011
149273033
149273299
149273686
149274228
149274367
149274421
149274493
149274708
149274898
149275025
149275120
149301617
149302024
149302137
149302419
149303245
149303766
149304036
149304492
149304746
149305008
149305766
149306139
149306507
149307402
149307780
149307792
149308317
149346314
149346597
149346634
149346769
149346910
149346960
149347280
149347326
149347351
149347365
149347503
149347544
149347683
149347802
149347805
149347948
149347974
149347992
149348027
149348101
149348257
149350112
149351267
149351720
149387941
149388758
149389264
149389628
149390145
149390282
149390379
149390468
149390565
149390710
149390764
149391142
149391248
149391285
149391500
149391543
149391630
149392233
149392689
149393989
149394111
149394330
149394433
149418619
149418730
149418977
149420149
149420154
149420371
149420596
149420839
149420858
149421220
149421347
149421694
149421990
149422051
149422096
149422355
149422364
149422381
149422606
149422911
149423103
149423152
149423329
149423433
149423445
149424012
149424021
149424107
149424183
149424264
149424269
149424454
149424667
149424911
149425089
149425265
149444545
149444896
149445068
149445297
149445561
149445580
149446180
149446239
149446526
149447137
149447160
149447671
149447730
149447944
149448114
149448150
149448652
149448710
149449105
149449414
149449795
149449814
149449829
149450085
149450152
149450189
149450247
149450364
149450435
149450455
149450458
149472892
149472955
149473201
149473228
149473522
149473541
149473782
149474494
149474534
149474587
149475771
149476772
149476839
149477085
149477613
149478287
149478308
149478361
149479313
149479377
149479691
149497445
149497610
149497632
149497658
149497746
149497749
149497763
149499292
149500016
149500392
149500447
149501485
149501908
149502463
149502525
149502637
149538225
149538480
149538495
149538806
149539016
149539083
149539595
149539621
149539692
149539696
149539721
149539771
149539983
149541757
149541780
149541851
149542739
149543306
149569947
149570842
149570881
149570897
149571292
149571506
149571979
149571992
149572067
149572708
149572720
149572761
149573437
149573469
149573672
149574095
149574170
149574475
149574954
149575136
149575334
149575768
149575810
149575960
149576090
149576148
149597836
149598382
149600384
149600411
149600702
149600831
149600953
149601156
149601165
149601383
149601408
149601695
149601818
149601854
149602881
149602924
149603018
149603183
149603400
149625258
149625265
149626896
149627367
149628555
149628795
149628809
149629722
149629817
149630381
149630490
149630569
149630625
149630642
149630754
149630803
149630882
149663893
149664254
149664968
149665295
149665609
149665723
149666362
149902203
149902211
149902263
149902310
149902375
149902539
149902571
149902578
149902726
149902775
149902993
149903505
149913231
149913407
149913593
149914072
149914329
149914390
149914743
149929708
149929749
149929861
149930009
149930084
149930533
149930548
149930656
149930695
149931074
149931678
149933913
149934149
149934310
149934530
149935318
149935777
149935860
149970674
149970999
149971207
149971331
149971365
149971500
149971949
149972036
149972335
149972710
149972735
149973276
149973714
149975388
149975676
149976395
149976646
149987870
149987913
149987940
149988068
149988104
149988164
149988467
149988610
149988838
149988971
149988981
149989009
149989027
149989271
149989535
149989781
149989864
149989954
149990606
149992308
149992320
149992652
149992720
149992776
149993566
149993659
149993720
149993861
150028783
150028790
150028866
150028923
150029152
150029244
150029304
150029406
150029588
150029671
150029838
150030150
150030205
150030323
150030353
150030390
150030411
150030490
150031018
150031389
150031442
150031637
150031766
150031826
150032074
150032410
150032509
150032786
150033637
150034834
150062090
150062222
150062423
150062581
150062720
150062889
150063303
150063321
150063644
150063736
150063985
150064087
150064228
150064238
150064443
150064451
150064737
150065441
150066206
150066811
150068075
150068107
150097941
150098236
150098499
150098542
150098667
150099198
150099292
150099520
150099934
150100075
150100106
150100383
150100417
150100478
150100608
150100673
150101035
150101145
150101372
150101564
150101748
150102041
150102333
150103272
150104204
150104930
150105122
150105603
150105813
150105989
150106623
150106651
150106859
150106960
150107214
150107262
150107407
150107859
150108075
150108622
150109149
150109418
150110025
150110361
150110391
150139182
150140024
150140166
150141905
150142736
150143072
150143703
150143838
150144464
150144824
150145820
150145914
150146216
150146541
150147262
150147276
150147771
150148658
150149726
150150182
150150252
150150673
150164081
150164124
150164431
150164523
150165113
150165208
150165740
150165843
150165952
150166015
150166503
150166521
150166526
150166852
150166902
150166965
150167260
150167892
150168008
150168859
150185555
150185586
150185722
150186152
150186457
150186647
150187016
150188673
150188702
150188736
150188758
150189058
150189621
150189651
150189779
150189995
150190139
150190851
150191306
150191609
150245112
150245780
150245796
150245809
150246722
150246737
150246911
150246925
150247202
150248133
150248295
150248408
150248508
150249023
150249367
150249622
150249637
150249649
150249802
150250053
150250169
150269974
150270069
150270291
150270388
150271362
150271587
150272111
150272291
150272598
150272835
150273171
150273301
150273439
150274887
150274888
150275592
150275755
150275946
150276143
150297449
150297989
150298164
150299115
150299576
150299951
150300486
150300935
150301300
150301480
150318597
150318635
150318769
150319068
150319075
150319394
150319430
150319488
150319639
150319693
150319903
150320598
150320712
150320766
150321230
150321306
150321408
150321924
150322170
150322544
150322561
150322652
150322756
150322837
150322913
150323113
150323335
150323448
150323635
150323645
150323788
150323994
150324024
150324240
150324534
150324647
150324742
150324829
150324880
150324896
150356906
150357089
150357192
150357551
150357902
150358255
150358267
150358613
150358641
150358772
150358991
150359120
150359331
150359892
150360075
150360085
150360363
150360771
150360785
150360821
150361039
150361589
150389127
150389225
150389318
150389428
150389555
150389603
150389760
150390118
150390153
150390964
150390974
150391386
150391422
150391545
150391894
150391908
150391925
150392106
150392209
150392297
150392377
150392641
150393449
150394019
150394029
150394429
150394971
150395009
150395151
150395322
150395529
150427790
150428174
150428202
150428281
150428585
150428689
150428923
150429430
150429807
150429930
150430145
150430350
150430616
150430727
150430875
150430923
150431148
150431375
150431382
150431612
150431920
150432568
150432609
150432829
150432838
150437612
150437821
150437991
150438314
150438741
150439164
150439464
150439508
150439705
150439846
150439858
150440220
150440684
150440925
150440961
150441267
150441507
150441905
150442005
150442497
150442527
150442974
150443604
150513134
150513696
150513824
166969140
166969762
166970353
166972655
166973336
166973470
166974081
166974937
166975595
167004148
167004312
167004413
167004907
167006141
167006469
167006757
167006919
167007693
167009349
167009442
167009631
167010755
167010830
167010833
167011639
167011856
167012000
167039963
167040562
167041356
167042054
167042282
167042366
167043607
167043957
167045100
167045630
167046661
167083969
167084349
167086289
167086374
167086668
167086925
167087044
167088179
167088329
167088534
167088665
167088753
167089494
167089585
167089732
167089959
167119650
167120384
167120556
167120856
167120996
167121012
167121335
167121533
167123750
167123820
167123961
167124115
167125641
167125872
167163041
167164271
167164406
167164573
167164775
167165474
167165603
167165793
167167661
167167844
167168290
167168404
167168775
167168820
167169067
167169234
167169260
167169905
167201069
167202475
167203237
167203486
167204538
167205951
167206099
167206950
167207857
167208007
167208179
167245238
167245643
167245748
167246102
167246294
167246435
167246464
167247312
167247400
167247536
167248885
167248904
167248954
167250034
167250296
167251078
167251455
167251710
167303162
167303666
167304218
167304369
167304461
167304735
167304808
167305497
167305569
167305659
167305895
167306038
167306291
167306673
167307134
167307272
167307732
167308673
167308691
167308905
167309087
167309521
167309568
167309586
167309648
167337533
167338183
167338436
167338474
167338509
167338820
167338863
167339195
167339224
167339978
167340109
167340259
167340913
167341132
167341856
167341861
167342459
167342678
167342745
167342777
167343224
167343765
167343794
167344272
167362908
167362929
167363047
167363081
167363160
167363687
167363786
167364590
167365279
167365634
167365789
167367096
167416044
167416082
167416173
167416351
167416706
167417062
167417827
167418513
167418801
167419134
167419401
167419645
167420065
167420077
167420724
167421115
167421397
167422158
167422188
167422201
167422261
167422421
167422442
167438801
167439017
167439202
167439677
167524378
167524493
167524552
167524561
167524563
167524592
167524965
167525164
167525494
167525876
167526194
167526476
167526621
167526653
167526861
167527244
167527292
167548698
167549141
167549203
167549256
167549299
167549435
167549811
167549948
167549998
167550201
167551097
167551638
167551882
167551981
167552090
167552111
167552549
167552767
167552896
167553683
167553985
167554035
167554039
167554079
167554747
167570244
167570787
167571015
167571044
167571315
167571319
167571870
167571875
167572013
167572061
167572361
167572677
167572756
167573129
167573489
167573897
167574481
167574566
167574703
167574745
167574931
167574970
167575024
167601104
167601153
167601218
167601289
167601333
167601498
167601642
167601896
167602122
167602180
167602617
167602895
167602961
167603396
167603468
167603763
167604168
167651166
167651233
167651713
167651746
167651864
167651964
167652801
167653487
167653537
167653738
167653919
167655013
167655164
167655716
167655998
167656135
167656389
167656984
167657165
167657662
167692429
167693394
167693579
167694246
167694592
167694800
167694909
167695031
167695036
167695338
167695608
167696018
167696175
167696452
167696855
167697055
167697081
167697196
167697730
167698276
167698542
167698891
167718631
167718677
167718742
167718757
167718849
167718988
167719216
167719333
167719618
167719995
167720130
167720152
167720188
167720245
167720414
167720559
167720850
167721663
167721744
167721875
167722158
167723520
167724547
167748906
167748933
167749054
167749342
167749873
167750619
167750621
167751299
167751425
167751463
167752446
167752454
167752523
167752910
167754463
167754523
167754733
167754852
167755526
167755548
167791831
167791977
167792036
167792073
167792670
167793185
167793568
167793823
167793865
167794816
167795243
167795458
167795767
167795949
167795965
167797285
167797678
167798344
167798390
167798613
167808077
167808199
167808687
167808706
167808839
167809738
167809752
167809923
167810008
167811462
167811672
167811793
167811939
167811959
167812370
167812682
167813061
167813433
167813580
167813698
167813925
167814376
167814413
167815042
167815080
167815145
167887426
167887449
167887603
167888559
167888675
167888985
167889033
167889136
167889214
167890251
167890277
167890721
167890723
167891285
167891510
167891619
167891847
167892002
167893414
167894452
167894606
167894780
167895165
167895862
167895981
167896033
167896336
167896363
167896979
176870369
176871273
176871429
176871828
176872276
176872301
176872304
176872955
176873194
176873198
176873713
176873840
176874105
176874812
176876030
176876045
176876104
176930875
176931042
176931083
176931465
176931790
176932113
176932654
176935090
176935443
176935765
176935927
176936043
176936384
176936618
176936634
176936918
176953920
176954188
176954446
176954655
176954932
176955267
176955361
176955598
176955610
176955988
176956545
176957781
176957903
176958455
176958575
176958577
176958580
176959220
176959613
176980184
176980330
176980386
176980477
176981316
176981822
176982344
176982701
176983083
176983629
176984457
176984616
176984889
176985471
176985564
176985618
176985653
176985699
176985756
176985907
176986099
176986159
176986215
176986649
177016777
177017093
177017594
177017776
177017971
177018034
177018863
177019667
177020027
177020108
177020898
177022161
177023447
177032673
177033827
177034363
177034377
177034616
177034618
177035962
177038036
177038077
177038412
177038555
177075229
177075293
177075692
177076798
177077117
177077137
177077320
177077336
177077457
177078061
177078116
177078313
177079186
177079452
177079704
177080436
177080894
177081956
177113740
177113924
177114260
177114645
177115211
177115860
177115978
177116293
177116516
177116574
177117017
177117715
177117985
177118923
177160117
177160343
177160623
177161754
177161931
177162514
177162950
177163062
177163667
177164366
177164737
177165231
177165949
177168114
177170011
177170299
177170385
177170648
177170966
177171072
177171236
177172067
177172491
177173804
177175852
177176230
177177612
177181671
177181875
177236087
177236218
177236338
177236445
177236796
177237562
177237670
177237739
177238182
177238322
177238736
177238844
177238917
177240055
177240158
177240664
177241128
177241277
177241692
177242133
177242354
177253253
177253935
177254154
177254302
177254749
177254872
177254988
177255171
177255347
177255865
177256195
177256357
177256625
177256722
177256886
177257923
177258212
177282220
177282821
177282942
177283229
177283362
177283704
177283802
177284157
177284177
177284607
177284745
177284850
177285018
177285143
177285245
177285916
177286867
177287048
177288094
177288100
177307380
177307808
177307962
177308164
177308411
177308871
177308913
177310213
177311995
177313120
177313353
177313374
177348889
177348955
177350050
177350632
177351174
177351394
177351602
177352893
177352913
177353216
177353341
177386111
177386183
177386724
177386783
177386916
177387632
177388447
177389088
177389302
179035995
179036733
179037029
179038033
179038379
179038657
179040693
179040880
179046780
179122049
179124356
179125917
179126130
179126225
179232118
179236213
179237666
179241377
179310146
179316719
179317303
179318228
179375929
179436091
179438144
179438607
179439014
179439059
179439377
179440306
179442168
179442456
179442837
179443977
179518944
179574552
179575046
179635081
179637828
179638714
198076580
219195121
220389296
220389297
220389469
220389494
220392022
220392141
220392279
220392289
220392292
220392529
220392563
220395550
220395581
220395677
220397987
220398169
220398275
220398504
220398570
220398633
220401370
220401481
220401822
220402067
220404668
220404695
220404790
220405047
220405048
220405105
220405222
220407351
220407663
220407862
220407865
220408010
220408088
220408233
220408525
220408527
220411068
220411087
220411092
220411119
220411221
220411416
220411537
220411548
220411620
220411843
220411866
220411991
220414389
220414558
220414682
220414767
220414820
220414843
220414907
220414924
220415024
220415194
220417767
220417983
220418182
220418527
220418700
220418835
220418836
220419261
220420973
220421368
220421379
220421421
220421571
220421619
220421632
220421992
220422098
220422151
220422217
220422817
220424076
220424477
220424634
220424873
220424952
220425369
220425392
220425408
220425467
220425478
220425534
220425934
220426201
220427527
220427533
220427721
220428005
220428332
220428434
220428553
220428635
220428663
220428894
220428947
220428949
220429075
220429118
220429292
220429294
220429416
220430900
220431298
220431828
220431884
220432294
220432308
220432332
220432358
220432789
220433100
220433118
220434779
220434854
220434965
220435078
220435095
220435585
220435595
220435838
220436151
220436245
220436250
220436523
220436537
220436741
220436970
220438809
220438888
220438947
220439054
220439091
220439124
220439427
220439470
220453921
220453937
220453989
220454123
220454354
220454455
220454507
220454593
220456328
220456379
220456530
220456828
220456855
220456884
220456957
220457321
220457352
220457415
220457433
220457494
220457593
220457739
220457863
220457998
220458218
220458265
220459909
220460161
220460592
220460637
220460935
220461177
220461302
220461304
220461616
220471118
220471239
220471258
220471341
220471704
220472836
220473080
220473495
220473814
220474003
220474797
220474807
220474935
220475064
220475213
220475222
220475388
220476566
220476607
220476613
220476622
220477003
220477481
220477485
220477598
220477951
220478311
220478453
220478496
220478621
220478788
220478846
220478864
220478966
220479074
220479130
220480791
220481116
220481232
220481251
220481331
220481385
220481509
231072507
231073055
231073334
231073877
231074373
231074564
231074635
231074669
231074882
231075166
231075314
231075400
231075447
231075478
231075926
231076353
231076373
231076566
231077067
231077394
231077422
231077466
231077523
231077954
231078142
231079410
231079766
231080232
231080840
231081110
231081529
231081704
231081799
231081893
231082246
231082651
231083737
231084157
231084444
231085711
231086050
231086958
231088109
231088893
231089161
231089330
231089480
231089789
231089873
231089905
231090304
231091186
231091439
231091948
231091989
231092737
231093028
231093693
231094119
231094146
231094167
231094532
231094572
231094715
231094862
231094903
231095411
231095606
231096038
231097055
231097289
231098199
231098214
231120497
231120990
231121077
231121285
231121389
231122025
231122120
231122431
231122591
231123253
231123352
231123467
231123940
231124299
231124400
231124682
231125179
231125201
231738149
231738667
231739013
231739077
231739364
231739433
231739441
231739525
231740432
231742782
231743799
231744196
231802287
231805618
231805769
231810428
231810586
231820179
231820303
235052714
235057260
237927442
237930237
237930407
237933451
237933747
237933899
237937517
237937588
237940447
238189499
238193200
238194234
238194241
238194328
238196794
238197778
238201014
238201158
238201491
238201750
238202176
238225459
238225747
238225894
238226635
238226644
238226763
238227061
238227187
238227235
238913642
238919872
238926302
238926805
255547093
255553520
255560268
255560374
255566731
255567126
255567219
255594447
255594551
255594552
257719235
257719266
257719267
257719297
257719560
257719693
257719761
257719777
257719983
257720104
257720143
257720227
257720237
257720239
257720358
257720447
257720699
257720712
257720889
257720966
257721005
257721062
257721166
257721491
257721566
257721857
257721933
260002563
260002600
260002605
260002717
260002786
260002896
260004324
260004488
260004559
260005109
260005161
260005405
260005448
260041257
260041596
260041614
260041917
260042710
260042858
260044463
260044526
260044951
260045375
260046146
260046359
260046678
260074691
260075230
260075587
260075881
260076744
260077230
260077246
260077552
260077952
260078444
260078932
260079465
260079491
260080062
260127304
260127358
260127768
260128166
260128356
260128890
260129165
260129896
260130129
260130162
260130805
260130817
260130844
260131984
260131998
260132049
260132533
260132689
260159741
260159769
260159990
260160138
260160777
260161040
260161193
260161716
260161817
260161826
260162081
260162582
260162604
260162608
260163560
260163618
260164415
260164550
260164571
260165049
260187559
260187957
260188852
260189081
260189377
260189436
260189621
260189950
260190352
260190364
260190387
260190467
260190518
260190710
260190928
260191033
260191081
260191471
260191628
260191894
260192192
260192346
260193028
260193124
260193210
260239370
260239455
260239730
260240273
260240383
260240462
260240524
260241166
260241701
260242021
260242103
260242697
260242984
260243059
260243255
260243302
260243326
260243615
260243868
260243945
260244032
260244042
260244112
260244224
260244435
260265611
260266382
260266386
260266773
260266833
260266846
260266928
260266959
260267400
260267665
260268180
260268250
260268279
260268993
260269341
260269519
260269571
260269906
260270377
260270897
260270994
260271045
260271095
260271351
260271556
260296202
260296256
260296461
260296841
260296918
260297081
260297726
260299677
260300455
260301982
260302263
260303629
260304138
260304232
260305508
260305873
260306012
260306307
260306330
260306419
260350787
260351252
260351280
260351289
260351755
260351830
260352096
260352116
260352192
260352222
260352746
260352816
260353207
260353339
260353472
260353763
260354034
260354344
260354529
260354941
260355054
260355239
260355291
260355496
260355806
260356263
260356437
260356438
260368482
260369072
260369411
260369797
260369928
260370506
260371228
260371743
260372062
260372421
260372719
260373133
260373233
260414792
260415085
260415334
260415677
260416113
260416129
260416299
260416361
260416403
260416603
260416672
260416956
260416996
260417924
260417971
260418055
260418577
260418789
260419070
260419365
260419539
260419724
260419882
260419939
260420094
260420428
260420530
260420541
260420823
260470722
260471279
260471391
260471553
260472324
260472559
260472706
260472725
260473522
260474191
260474337
260474383
260474471
260474732
260474738
260475914
260476144
260476303
260476305
260476580
260476678
260476813
260476888
260501801
260501860
260502025
260502040
260502102
260502312
260502383
260502694
260502759
260502829
260502935
260503114
260503412
260503905
260504002
260504032
260504177
260505246
260505290
260505489
260505678
260506594
260507353
260507409
260507708
260507712
260507750
260507960
260507976
260508036
260536778
260537761
260537783
260538039
260538092
260538824
260540242
260540633
260541413
260541780
260542099
260542219
260542265
260542756
260542844
260604541
260604672
260605035
260605095
260605183
260605317
260605750
260605972
260606104
260606258
260606743
260607250
260607640
260607866
260608142
260608150
260608199
260608266
260608510
260608667
260608739
260608806
260608820
260609053
260609301
260609314
260609351
260609766
260610255
260610303
260635322
260635359
260635491
260635600
260635778
260635884
260635890
260635998
260636131
260636355
260636422
260636438
260636644
260636841
260637374
260637474
260637746
260638478
260638705
260639207
260639360
260639473
260639476
260640408
260640693
260640706
260641051
260641076
260641361
260653895
260653938
260654349
260654455
260654564
260654645
260655292
260655336
260655494
260655745
260655875
260657137
260657742
260657875
260657963
260658693
260659028
260659245
260659412
260659986
260707932
260708206
260708419
260708537
260708677
260708960
260709170
260709179
260709262
260709483
260710130
260952205
260972178
260972326
260984782
260984819
260994270
260994454
261059645
261061505
261061538
261061812
261090326
261105031
261105116
261105182
261105324
261107087
261107247
261135741
261135785
261136013
261136273
261138165
261138354
261154464
261155056
261155224
261157151
261205036
261205054
261205306
261205623
261207255
261207354
261207518
261207529
261236944
261237606
261258875
261263273
261263375
261263857
261327578
261328795
261377629
261378236
261380314
261399229
261417402
261417701
262496734
262496741
262497332
262497523
262497910
262577790
262609236
262609276
262609922
262610117
262610450
262612628
262614374
262614859
262615011
262615487
262615921
269797393
269850106
269852186
269857621
269857626
269857714
270424340
270424732
270427382
270429868
270471687
270471874
270474423
270503753
270503850
270506512
270506547
270554645
270557134
270573412
270578171
271554653
271576006
271595396
271595489
271595566
271596128
271596142
271596225
271596253
271597340
271598242
271638951
271639491
271639721
271639830
271640053
271640189
271640286
271640518
271640629
271642615
271643243
271693287
271693316
271693745
271693760
271695018
271696627
271696934
271697098
271697157
271697967
271721780
271722285
271723108
271723273
271723441
271723587
271723646
271723650
271723666
271724275
271724573
271725007
271725342
271725652
271727055
271793948
271794835
271794999
271795322
271795905
271796031
271796097
271796176
271797721
271797826
271798389
271798759
271799311
271799702
271807406
271808471
271808515
271808639
271808938
271808961
271809131
271809267
271809809
271810073
271810082
271810597
271810837
271811067
271811628
271811905
271812026
271812282
271886964
271888364
271889486
271890825
271891694
271892405
271892427
271892768
271892832
271892856
271892946
271892952
271893233
271893249
271893376
271901037
271902905
271902948
271904285
271904328
271905019
271905601
271905698
271905750
271905978
271906241
271906600
271906844
271971147
271972079
271972657
271972660
271972670
271972713
271975064
271976228
271976520
271977113
271998306
271998339
271998713
272002608
272085427
272085437
272085725
272086159
272087003
272087068
272087072
272087189
272087432
272088116
272088213
272088269
272090787
272125859
272125972
272125996
272126293
272126608
272127351
272127590
272127680
272128852
272129292
272129442
272130265
272130439
272131406
272131676
272186261
272187240
272188094
272188686
272189277
272190325
272190447
272190502
272190519
272190830
272190875
272192731
272233268
272234517
272235480
272235585
272235601
272235688
272235879
272236131
272236503
272236957
272237222
272237600
272285184
272285489
272286273
272286383
272287271
272288945
272289084
272317030
272317263
272317563
272319861
272322679
272357348
272362508
272362512
272428019
272428122
272428223
272429122
272429416
272429506
272429562
272429938
272430494
272431743
272467454
272468689
272471338
272547909
272548900
272550324
276665857
276783354
276783657
276794020
276861959
276862446
276863144
276864190
276864360
276866286
276866356
276947628
277016043
277105014
277105985
277106207
277313813
277314291
277981592
277981710
278023094
278054857
278054880
278055130
278078903
278081307
278141409
278180394
278198490
278683273
278683809
278683844
278684725
278685317
278725047
278725230
278725314
278725739
278726041
278726191
278726629
278727193
278727250
278727604
278727850
278727898
278728297
278728765
278728776
278729269
278729458
278729492
278729557
278729914
278730082
278730407
278730518
278730894
278731026
278731097
278731391
278774847
278775296
278775617
278776511
278776514
278776769
278776948
278777880
278777898
278778143
278778161
278778365
278779083
278779308
278779899
278780087
278780325
278822038
278822563
278822664
278822670
278823102
278823665
278823757
278824088
278824127
278824412
278825329
278861897
278862505
278863708
278863997
278864356
278864378
278864459
278864816
278865060
278865144
278865306
278895338
278895471
278895850
278895900
278896737
278897140
278897378
278897420
278897459
278897567
278897911
278898815
278898944
278899640
278955973
278956451
278956474
278956846
278956994
278957039
278957328
278958369
278958904
278959055
278959355
278959553
278959645
278959991
278987417
278988053
278988241
278988288
278988703
278988912
278988974
278989031
278989053
278989214
278989341
278990035
278990265
278990332
278990507
278990549
278991333
278991507
278991584
278992462
279051770
279051808
279052277
279052888
279053208
279053343
279053795
279054049
279054474
279054842
279054849
279055730
279056501
279088442
279088562
279088591
279089147
279089288
279089441
279090824
279091106
279091180
279091206
279091232
279091688
279091891
279092327
279092344
279092443
279092624
279092834
279093407
279156979
279157508
279157540
279157904
279158438
279158625
279159380
279159527
279159552
279159773
279159951
279161002
279161067
279161213
279161271
279161592
279215851
279215865
279215943
279216046
279216320
279216327
279216761
279216768
279217298
279217566
279217728
279218051
279219781
279219804
279219880
279220039
279245505
279246287
279248144
279248380
279249443
279249780
279251486
279251558
279251651
279251690
279251894
279318515
279319221
279321185
279322216
279322290
279322879
279323061
279323222
279323379
279323503
279324163
279324350
279355720
279356043
279360546
279361128
279361135
279362204
279362373
279423762
279423996
279424099
279424417
279424511
279425099
279425329
279425539
279425603
279426009
279426189
279426742
279428791
279429054
279430183
279430251
279430383
279430652
279475826
279476428
279477728
279477766
279478380
279478611
279481549
279481655
279510045
279510209
279510407
279510874
279510975
279511133
279511501
279511563
279511636
279512164
279512246
279512834
279513667
279513753
279514271
279516532
279569707
279570372
279570569
279570848
279571033
279571543
279571603
279572074
279613827
279614130
279614225
279615247
279615636
279615642
279949279
279949448
279949458
279955581
279957399
280044402
280046713
280049327
280864997
280867747
280868093
280868316
280913296
281496483
281581070
281582674
281583093
281630796
281631603
281632160
281633261
281633358
281633546
281633822
281633830
281634075
281635038
281635898
284194245
284194809
284195157
284195170
284196684
284196717
284196858
287273376
287273496
287350529
287350667
287350999
287400463
287401403
287493127
287495893
287496163
287536920
287537326
287537771
287584740
287584993
287636619
287637322
287637462
287637967
287719536
287719951
290654532
290714579
290750347
290776983
293165216
293218998
293219274
293219717
293221190
293221521
293222268
293222879
293223490
293223588
293224075
293224355
293224828
293224929
293225194
293225221
293225591
293225741
293267910
293268369
293268396
293268518
293268958
293268968
293269218
293269728
293269825
293270747
293270828
293271025
293271232
293271518
293271931
293272571
293272741
293272882
293273032
293273046
293273074
293273338
293273444
293347222
293348314
293935949
293936159
293936527
293970254
293970486
293971144
293972777
293973187
293973520
293973710
293974789
294047805
294051783
294052132
294052326
294052459
294052871
294052909
294053380
294053981
294054016
294054271
294054503
294054948
294055381
294092998
294093233
294093356
294094234
294098106
294099047
294099086
294099304
294099323
294151854
294154590
294154732
294160234
294161360
294204563
294205083
294205605
294205886
294206247
294206269
294206691
294207272
294207866
294208238
294208391
294208421
294208817
294209179
294272359
294272467
294273479
294274438
294275287
294328421
294329587
294329669
294397846
294398491
294399049
294399419
294399551
294626241
294626348
294626400
294626714
294664356
294665553
294665688
294667110
294668137
294668310
294668638
294668675
294670376
294670428
294670905
294747554
294748714
294749324
294749394
294749643
294749665
294750180
294750305
294751586
294752603
294753659
294754396
294779165
294779866
294780000
294781547
294782508
294783817
294783842
294784472
294785854
294868186
294868611
294872737
294873121
294873381
294873470
294873524
294873703
294873918
294874206
294874367
294874877
294874932
294875052
294875352
294921502
294922958
294925079
294925108
294927550
294927853
294927880
294928372
294929896
294980547
294981319
294981363
294981403
294982892
294983016
294983338
294983548
294983969
295071339
295072161
295073682
295073688
295074178
299802505
299832665
299832677
299832907
299833067
299833498
299833889
299833904
299834210
299834220
299898072
299898153
299898298
299898372
299898460
299898616
299898948
299899098
299899433
299900425
299939728
299939738
299940536
299940560
299940600
299940748
299940906
299941315
299941764
299941917
299942401
299942685
299942872
299942954
299943890
299943923
299944354
299944746
299945127
300009621
300009915
300009970
300010196
300010741
300010841
300011200
300011203
300012015
300012750
300012996
300013347
300013854
300013921
300014298
300014959
300015510
300015786
300015831
300033021
300033383
300033831
300034351
300035114
300035283
300035305
300035308
300035545
300035709
300035820
300036007
300036391
300036687
300037002
300037066
300037432
300037452
300037819
300038122
300038229
300039196
300039276
300039874
300085146
300086142
300086280
300086339
300086367
300087768
300088693
300088746
300089878
300090129
300090645
300091264
300091286
300136240
300136435
300136862
300137134
300137420
300137460
300137488
300138849
300139323
300140368
300140614
300141299
300141882
300141906
300141932
300142607
300157969
300158168
300158616
300158698
300159024
300159098
300159245
300159369
300159577
300159996
300160830
300162276
300163456
300163547
300238558
300240929
300241259
300241597
300241668
300241926
300242643
300243211
300243229
300243669
300243718
300243839
300243977
300243981
300244204
300244561
300244972
300245001
300245189
300287049
300287074
300287405
300287514
300287649
300288280
300288517
300289340
300289478
300289832
300290733
300292272
300292832
300293230
300324082
300324650
300324667
300324697
300324827
300325647
300325800
300326000
300326388
300326589
300326626
300326777
300327420
300327475
300328086
300328740
300328832
300328984
300329208
300329357
300329378
300329785
300330083
300378621
300378907
300378969
300379334
300379406
300380128
300380677
300380855
300380870
300381124
300381241
300381475
300381496
300381526
300382520
300382666
300382764
300383231
300383270
300384401
300384626
300385320
300442727
300443029
300443696
300444242
300444243
300444497
300445071
300445241
300445339
300446031
300446116
300446538
300447058
300447218
300448102
300448123
300448224
300448674
300448995
300449076
300449551
300449995
300509302
300510310
300510904
300512078
300512205
300513505
300514512
300514807
300514874
300514936
300515550
300515648
300515801
300515837
300556237
300556730
300556767
300556955
300556974
300557410
300558521
300559007
300559291
300559350
300559617
300559722
300560234
300561157
300561247
300561454
300561964
300562287
300562573
300562798
300599743
300600496
300600556
300601006
300601014
300601140
300601759
300602387
300602588
300604196
300604301
300604628
300604767
300605590
300605836
300605930
300652759
300652842
300654276
300654938
300656410
300656931
300657009
300703359
300705038
300705083
300705145
300706028
300707414
300707873
300708025
300708423
300708869
300709155
300709613
300709860
300710167
300739185
300739542
300739610
300739804
300740141
300740369
300740479
300740978
300741171
300741425
300741473
300741950
300742290
300742420
300742968
300743088
300743905
300744205
300744850
300745957
300745960
300807538
300807737
300808209
300809161
300809465
300809505
300810268
300810618
300811904
300812315
300812741
300813088
300814115
300814495
300814528
300814989
300814998
300863793
300865009
300865656
300866209
300866245
300866342
300866398
300866979
300867750
300868300
300868310
300868398
300868501
300868745
300870322
300870464
300870709
300871018
300871025
300932923
300933601
300933978
300934550
300935505
300935727
300936755
300937327
300937742
300938404
300938845
300939011
300939080
300968003
300968430
300969592
300969617
300969635
300970420
300971073
300971346
300971678
300972085
306469428
306469897
306470000
306470257
306470706
306471461
306472632
306472765
306473448
306505032
306505828
306507106
306507281
306507644
306508441
306509134
306509241
306509961
306510438
306510587
306510826
306511257
306511443
306511687
306512638
306512752
306512860
306513046
306513104
306572888
306573875
306574570
306574878
306575468
306576615
306577678
306577886
306579892
306580127
306580216
306580300
306580542
306580648
306580740
306630834
306631785
306632288
306632409
306633409
306633914
306635025
306636616
306637197
306637962
306664971
306666685
306667949
306668159
306669295
306669463
306669607
306669797
306669974
306671061
306671890
306672021
306672421
306672492
306672512
306734974
306735920
306736739
306738947
306738971
306739391
306739613
306740466
306740472
306740840
306741000
306741578
306741610
306741844
306741915
306742189
306742226
306742323
306771288
306772033
306772428
306773646
306774530
306774839
306775073
306779173
306822783
306822898
306823495
306825285
306825729
306827125
306828113
306829151
306829726
306893730
306897452
306898510
306898941
306899757
306900946
306929842
306930201
306930215
306932279
306933992
306934657
306934775
307023213
307023938
307024753
307032969
307034706
307036007
307085549
307087256
307087538
307087605
307087852
307088533
307090044
307092024
307092052
307158170
307159202
307162729
307163183
307214617
307216553
307285386
307291684
307360854
308396412
308398308
308399199
308399413
308399683
308451971
308452360
308452910
308453663
308543459
308546053
308599430
308662888
308663302
308663540
308751759
308918798
308920055
309254462
309585587
309585787
309586167
309613894
309614387
309614835
309615874
309616223
309616663
309616717
309616754
309616995
309617126
309617141
309617509
309617906
309618668
309618865
309619312
309653666
309653944
309655359
309655493
309655922
309656200
309656203
309656324
309657051
309657330
309657430
309657819
309657906
309658086
309658380
309658561
309658966
309658984
309659122
309659145
309659322
309659400
309659553
309659608
309698355
309698515
309699346
309701463
309701551
309702161
309702890
309703302
309703516
309703649
309703683
309703910
309704194
309704454
309704668
309705147
309705249
309754803
309754978
309754992
309755084
309755088
309755223
309755236
309755438
309755830
309756068
309756251
309756460
309757010
309757640
309759120
309789524
309790145
309790592
309791438
309791545
309791920
309792357
319257740
319257802
319258134
339632743
339633416
339633859
339670389
339670881
339732047
339732217
339769779
339770659
339771357
339860832
339861194
339862192
339862727
339863041
339891905
339959271
340006623
340007540
340174734
340175796
340218847
340219007
348796021
348838735
348839017
348839250
348839266
348839628
348839743
348839788
348839821
348839966
348840854
348841108
348842026
348842319
348842369
348843096
348844150
348844370
348844800
348894145
348895028
348896748
348896982
348897314
348897529
348898031
348898884
348899137
348899340
348899445
348957701
348957839
348958715
348959150
348959164
348959575
348959790
348959793
348960434
348960547
348961304
348961354
348961608
348961777
348961810
348961856
348962765
348962987
348991084
348991212
348991315
348992095
348995884
348995919
348996265
348996631
348996877
348996977
348997343
349054977
349055572
349055937
349056069
349056114
349057168
349057572
349057892
349058006
349058172
349059031
349059084
349059132
349059308
349059337
349059547
349059552
349060334
349060997
349061057
349090549
349090950
349091244
349092262
349092425
349092552
349092760
349093181
349093221
349093281
349094152
349094270
349094293
349094907
349095149
349095151
349095349
349095386
349095566
349095639
349096231
349096247
349096321
349096934
349097153
349097653
349152271
349152476
349152559
349153367
349153630
349153695
349153803
349153936
349154699
349154768
349155268
349155285
349155510
349155856
349156096
349156387
349156934
349157020
349157171
349157358
349157651
349157682
349157935
349158031
349158373
349158509
349158521
349158617
349158631
349158637
349190317
349190533
349190606
349190890
349191025
349191233
349191235
349192236
349192351
349192998
349193242
349194309
349194348
349194468
349194559
349194935
349195442
349195479
349195803
349195886
349195987
349196599
349196693
349196884
349268644
349268719
349268805
349269339
349269701
349270941
349271047
349271067
349271538
349271920
349272620
349272695
349272799
349275130
349304257
349304500
349305395
349305957
349306470
349306778
349307126
349307237
349307342
349308547
349308805
349309158
349309453
349309787
349309862
349310417
349310483
349310526
349310543
349310999
349311074
349311172
349311206
349311436
349311929
349369449
349369788
349369816
349370131
349370177
349370342
349370377
349370417
349370810
349370902
349371465
349371685
349371701
349371980
349372411
349373022
349373864
349373905
349374564
349374628
349375699
349375752
349375972
349376008
349406177
349406199
349406988
349407120
349407174
349408068
349408137
349408318
349408618
349409059
349409380
349409783
349410009
349410354
349410861
349411069
349411258
349411520
349411876
349412447
349477801
349478085
349478252
349479579
349479925
349480009
349480414
349480998
349481485
349481834
349482072
349482549
349484340
349485005
349485031
349485054
349517858
349518145
349518166
349518300
349518422
349518888
349519080
349519259
349520193
349520545
349520824
349521572
349523336
349525370
349568905
349569772
349569924
349571440
349571467
349571487
349571760
349571974
349572706
349572819
349573005
349573164
349573332
349576027
349641207
349641250
349641688
349642390
349642485
349642737
349643309
349643650
349643942
349644046
349644291
349645989
349648486
349648830
349676039
349676121
349676315
349676680
349676744
349678456
349678498
349679666
349679710
349680105
349680242
349680310
349682284
349683642
349683870
349762258
349762961
349763845
349764664
349765272
349765705
349766059
349766479
349766799
349768033
349768330
349769252
349769269
349783418
349783894
349784145
349785390
349785982
349787162
349787175
349787705
349788149
349788789
349789882
349789955
349790110
349790953
349791132
349791419
349791493
349828641
349830437
349830541
349832214
349833932
349834463
349834625
349834710
349902717
349902956
349903133
349903191
349903375
349904291
349904781
349905033
349905288
349906467
349907217
349907510
349907631
349908175
349910443
349910734
349910804
349965559
349965621
349966029
349966046
349966296
349966433
349968055
349968493
349968807
349968853
349968986
349969490
349969782
349970566
349972548
350024934
350024996
350026953
350027072
350027129
350028589
350028677
350029822
350030370
350031594
350032811
350091456
350092439
350093283
350093552
350093561
350094259
350094317
350094361
350094368
350095083
350096967
350097645
350099056
350141020
350141275
350141433
350141505
350142457
350143739
350143961
350145621
350145663
350146018
350181945
350182185
350182510
350182664
350182700
350183829
350274523
350274738
350274851
350294818
350294942
350295103
350295196
350295309
350295877
350296838
350297227
350297815
350297834
350298298
350298305
350298719
350298857
350298948
350298961
350331797
350331979
350332032
350332121
350332146
350332161
350332464
350332469
350332912
350332914
350333409
350334038
350334198
350334323
350334901
350335064
350335082
350335258
350335590
350335713
350335778
350335811
350335941
350336350
350336509
350341428
350341753
350341850
350342546
350342756
350342907
350343021
350343163
350343184
350343345
350343422
350343512
350343694
350344500
350344552
350345533
350345565
350345619
350345640
350345733
350345788
350345919
350346017
350346152
350346242
350346410
350430059
350430070
350430118
350430237
350430801
350431074
350431266
350431454
350432390
350432590
350432766
350433235
350433316
350433408
350433616
350433667
350433809
350434461
350434555
350434637
350442510
350442579
350442619
350442926
350443163
350443172
350443250
350443375
350443508
350443596
350443738
350444383
350444413
350444500
350445416
350445494
350446640
350447017
350447083
350477031
350477148
350477270
350477637
350478065
350478801
350479178
350479646
350479784
350479865
350479891
350480078
350480208
350480262
350480436
350480719
350481256
350481323
350481452
350481664
350481733
350481738
350481791
350482209
350518308
350518393
350518414
350518426
350518586
350519160
350519188
350519718
350519797
350519837
350520529
350520908
350520993
350521246
350521275
350521280
350521322
350521489
350521873
350521894
350522400
350522550
350522634
350559233
350559277
350559370
350559447
350559583
350559614
350559787
350559816
350559922
350559969
350559976
350560042
350560079
350560264
350560408
350560503
350560615
350561039
350561409
350561484
350561673
350561764
350561903
350561971
350562383
350562817
350563102
350563415
350563801
350563988
350581852
350582266
350583157
350583273
350583319
350583580
350583692
350585112
350586243
350619048
350619107
350619117
350619228
350619392
350620269
350620408
350620810
350620911
350620985
350621055
350621225
350621409
350621608
350621677
350622136
350622392
350622470
350622565
350622723
350622905
350623533
350623657
350652673
350652686
350652767
350652978
350652996
350653035
350653128
350653237
350653254
350653602
350653658
350654290
350654319
350655129
350655144
350655457
350655910
350655989
350656526
350709432
350709892
350710135
350711595
350712871
350712943
350713079
350713354
350713828
350714327
350714749
350715144
350715550
350715690
350715999
350716353
350716779
350740354
350740499
350740549
350740600
350741127
350741138
350741170
350741196
350742083
350742160
350742286
350742688
350742995
350743344
350743412
350743525
350744357
350744722
350745011
350763134
350763445
350763584
350763841
350764041
350764511
350764517
350764533
350765484
350765496
350766392
350766496
350766508
350766616
350766918
350767109
350767215
350767225
350767231
350767332
350767408
350768069
350820580
350821023
350821414
350821550
350822259
350822461
350822717
350823243
350823668
350824131
350824257
350824715
350824771
350825301
350825312
350840339
350840689
350841061
350841076
350841282
350841624
350842581
350843192
350843756
350844913
350845072
350857703
350857886
350858249
350858459
350858636
350858733
350859314
350859462
350859668
350859797
350859929
350860130
350860869
350860938
350861142
350861314
350861633
350861689
350861996
350862108
350862334
350862484
350929582
350929640
350929819
350929890
350930503
350931082
350931653
350931665
350932136
350933279
350933828
350933893
350934025
350934617
350953524
350953636
350953692
350953715
350953813
350954351
350954501
350954641
350954916
358110576
358110676
358110740
358110779
358110935
358111025
358111608
358111931
358112733
358112817
358113029
358113161
358153877
358153988
358153989
358154265
358154431
358154567
358154729
358155275
358155278
358156107
358156272
358156484
358156785
358156904
358157227
358158305
358158521
358158829
358174435
358174715
358174909
358175715
358176498
358177852
358178179
358180414
358180614
358181054
358181495
358335587
358335723
358335792
358335804
358336181
358336216
358336797
358336846
358402187
358402227
358402391
358402571
358402589
358402782
358402879
358402908
358402940
358402977
358403043
358403148
358403162
358403185
358403189
358403203
358458899
358461591
358462177
358708829
358708851
358708861
358709493
358709960
358709966
358710131
358710273
358710677
358806505
358806522
364266655
364301625
364301757
364301863
364301870
364301892
364302017
364302180
364302634
364302911
364303317
364303648
364304225
364304307
364305506
364305608
364305846
364306244
364306308
364306561
364322665
364322720
364322939
364323008
364323180
364323245
364323629
364323633
364324040
364324191
364324437
364324636
364324766
364325129
364325153
364325483
364325681
364326325
364326339
364326358
364326409
364326480
364326997
364327160
364327256
364327514
364327573
364327632
364328166
364393006
364393297
364395878
364421663
364423656
364423895
364424010
364424479
364424786
364424797
364424828
364425148
364425168
364425313
364425420
364537794
364538135
364538419
364538586
364538681
364538718
364539260
364539533
364539920
364539997
364540012
364540981
364541888
364542203
364542465
364588713
364588836
364588946
364589225
364589763
364590006
364590475
364590886
364591238
364591276
364592254
364592901
370010939
370011051
370011143
370011290
370011457
370011488
370037541
370037722
370037828
370038272
370038298
370038497
370038891
370039034
370039529
370039641
370039671
370039689
370039711
370039904
370040166
370040275
370040345
370040429
370040447
370040760
370040854
370040878
370040938
370041435
370041666
370041736
370041901
370100049
370100428
370100436
370101084
370101408
370101590
370101840
370101899
370101939
370102186
370105425
370105522
370106015
370112373
370112410
370112625
370112737
370113232
370113676
370113947
370114107
370114295
370114320
370114381
370117176
370117356
370117532
370117600
370117637
370139918
370140726
370220679
370220863
370221452
370222293
370223388
370224249
370224857
370225990
370226265
370227293
370227480
370228027
370228465
370233596
370233613
370235449
370235670
370235923
370236436
370236484
370236594
370236615
370236865
370236887
370237183
372816349
372816426
372819049
372819328
372847823
372848000
372850169
372850172
372850839
372851407
372851723
372851808
372852468
372908257
372909177
372910182
373528752
373594771
373594903
373597276
373598648
373599590
373600625
373602410
373602526
373688703
373768198
373779371
373838602
373849057
373983917
374829238
374829636
374829765
374829817
374857027
374857059
374857204
374857939
374857943
374858072
374858351
374858379
374858462
374858678
374858703
374859023
374859044
374859283
374859540
374859608
374859744
374859785
374860018
374860340
374860376
374860498
374860518
374860721
374860820
374860864
374860956
374861265
374861626
374861830
374908396
374908541
374909739
374910243
374910558
374910616
374910691
374910692
374910870
374911057
374911226
374911241
374911295
374911363
374911409
374911425
374911572
374911869
374911880
374940037
374940358
374940865
374941285
374942261
374942919
374943146
374943202
374943516
374943662
374944278
374944622
374944721
374944798
374944834
374945276
374945520
374945532
374945558
374995059
374995314
374996363
374997123
374997655
374997668
375032231
375032279
375032802
375033183
375033848
375035193
375035851
375036012
375036635
375037429
375037734
375037905
375055432
375055604
375055617
375055652
375055790
375056507
375056651
375056719
375056720
375057753
375057880
375057979
375057986
375058105
375058181
375058244
375058811
375059460
375059806
375059856
375059949
375060694
375061020
375061039
375061255
375063235
375063426
375063609
375064305
375088647
375088677
375088883
375089285
375089311
375089328
375089460
375089569
375090724
375093210
375093246
381924280
381924376
381924855
381924943
381924968
381925063
381925400
381925622
381948899
381948924
381949293
381949387
381949477
381949600
381949620
381949662
381949725
381949771
381949915
381950094
381950359
381950421
381950440
381950559
381950781
381950800
381952358
381952382
381952539
381952560
381952599
381973706
381973800
381973917
381974004
381974038
381974439
381974555
381974596
381974776
381974783
381974795
381974994
381975361
381975364
381975772
381976232
381976314
381976357
381976746
381976810
381976895
381976946
381976956
381977012
381977043
381977079
381977118
381977240
381977313
381977379
381977432
381978651
381979089
381979121
381979578
382027945
382028146
382028320
382028676
382028890
382029064
382029238
382029274
382029368
382030496
382030592
382031243
382032315
382032390
382032452
382032579
382032584
382032628
382032758
382033070
382033285
382033294
382033348
382033419
382041558
382041674
382041861
382041864
382042236
382042321
382042374
382042573
382043075
382043098
382043269
382044531
382044694
382044723
382044732
382044774
382044791
382044802
382044879
382045620
382065642
382065714
382065823
382066079
382066186
382066228
382066323
382066470
382066736
382066786
382067001
382067092
382067245
382067280
382067365
382068612
382068733
382068786
382068817
382069106
382069402
382069441
382069455
382069678
382069817
382069824
382098632
382098683
382098689
382098765
382099045
382099370
382099448
382099451
382099497
382099630
382099775
382100274
382101021
382101339
382101383
382101632
382101717
382101765
382101865
382102025
382102131
382144093
382144171
382144217
382144227
382144557
382144760
382144868
382144983
382145012
382145186
382145265
382145358
382145493
382146722
382147080
382147592
382147872
382147976
382148025
382148028
382148035
382148232
382156559
382156647
382156709
382156817
382156819
382157502
382157733
382157798
382157844
382157848
382157930
382157979
382159419
382159540
382159588
382159659
382159905
382160077
382160143
382160308
382186160
382186585
382186678
382186972
382187134
382187349
382187508
382187509
382187513
382187759
382187882
382188163
382189234
382189360
382189376
382189774
382189927
382190091
382190207
382190255
382198298
382198560
382199081
382199431
382199496
382199634
382199862
382200069
382200119
382200986
382201137
382201238
382201408
382201491
382201870
382202246
382202262
382244284
382244430
382244727
382244813
382244825
382245138
382245167
382245976
382246231
382246532
382246900
382247193
382247338
382247365
382247732
382247757
382247792
382256292
382256404
382256964
382257287
382257374
382257670
382257922
382257992
382259005
382259037
382259234
382259542
382259962
382259975
382260084
382260175
382260314
382265740
382265805
382265883
382265885
382266433
382266538
382266780
382266932
382267081
382267347
382267395
382267497
382268095
382268471
382268582
382268589
382268693
382268796
382269042
382269137
382269373
382269448
382302084
382302172
382302559
382302737
382302830
382302906
382302997
382303056
382303076
382303088
382303177
382303224
382435796
382435970
382436532
382436595
382436638
382437125
382437266
382437990
382516303
382516714
382517352
382517366
382517410
382517745
382517990
382518485
382518889
382519050
382519279
382519637
382519702
382520285
382526677
382526939
382571716
382571904
382572125
382572796
382579692
382624450
382624566
382625522
382626220
382626768
382627418
382627649
382628154
388106228
388106297
388106335
388106341
388106353
388106428
388106446
388106595
388106669
388107415
388128070
388128254
388128551
388128720
388129077
388129138
388129213
388129475
388129477
388129478
388129904
388129942
388130026
388130069
388130193
388130391
388130449
388130591
388130597
388130748
388130838
388131109
388131142
388131289
388131319
388131424
388131435
388131500
388131558
388131695
388131781
388180872
388180873
388181597
388181837
388181875
388181964
388182098
388182251
388182341
388182753
388204706
388204825
389323171
389369993
389371209
389371874
389373208
389439794
389500471
389501106
389501673
389510428
389563414
389563717
389563766
389563886
389564031
389566462
389566891
389567309
389567699
389568266
389568955
389569513
389618863
389624526
389625539
389667736
389671302
389671466
389672526
389672553
389674075
389741600
389741824
389743523
389792790
389795551
389863333
389863446
389863811
389865537
389866899
389918400
389919166
389920373
389920400
389921108
389922308
389922349
389923456
389924116
389924988
389925069
389925522
391744055
391744905
391745863
391821647
391890144
391890293
391890417
391890437
391890914
391891108
391891381
391891583
391891666
391891726
391891894
391892017
391892200
391892301
391892370
391894332
391895245
391900070
391903770
391904697
391904836
391922670
391922749
391922755
391923663
391923797
391923864
391924141
391924331
391924679
391925299
391926196
391926627
391926765
391927292
391927340
391946692
391946929
391947095
391948006
391948473
391948637
391948835
391948920
391949117
391950805
392010173
392012061
392013944
393490869
393747997
393748013
393748061
396697247
396697266
396697394
396697413
396697486
396722225
396722262
396722474
404762786
404763457
404763797
404800309
404804873
404809554
404854787
404923951
404925512
404926864
404927197
404928179
404930752
404975243
407616185
407616545
407616754
407620769
407621029
407621765
407621964
407622722
407623545
407633204
407635039
407636139
407636461
407662670
407662847
407662915
410420473
410420677
410446058
410446184
410446467
410447225
410447897
410448128
410486289
410487677
425059768
425082268
452378448
453078862
453079177
453079202
453079295
453079527
453079788
453080727
453081744
453082323
453082482
453082605
453083093
453094952
453095101
453095179
453095459
453096066
453096434
453096641
453096991
453097348
453097599
453098173
453098473
453099618
453099619
453100322
453101438
453101762
453102139
453102533
684955846
684956774
736664322
737535216
